Training AlexNet KNN k=4
              precision    recall  f1-score   support

       alpha       0.52      0.24      0.33      3783
        beta       0.17      0.27      0.21       179
         chi       0.29      0.34      0.31       473
       delta       0.27      0.18      0.22      1100
     epsilon       0.74      0.08      0.15      4081
         eta       0.65      0.06      0.12      1462
       gamma       0.22      0.35      0.27       497
        iota       0.39      0.76      0.51      3134
       kappa       0.60      0.22      0.32      1109
      lambda       0.14      0.57      0.22      1212
          mu       0.21      0.36      0.26      1215
          nu       0.41      0.55      0.47      3027
       omega       0.77      0.05      0.09      1052
     omicron       0.40      0.15      0.22      3343
         phi       0.98      0.13      0.23       402
          pi       0.73      0.32      0.45      1213
         psi       0.06      0.28      0.11        36
         rho       0.58      0.54      0.56      1562
       sigma       0.34      0.46      0.39      2552
         tau       0.76      0.54      0.63      2015
       theta       0.23      0.09      0.13       610
     upsilon       0.44      0.64      0.52      1350
          xi       0.03      0.53      0.06       103
        zeta       0.02      0.17      0.04        86

    accuracy                           0.35     35596
   macro avg       0.42      0.33      0.28     35596
weighted avg       0.49      0.35      0.34     35596

0.4914597145746713
0.5564670187661535

Training AlexNet KNN k=5
              precision    recall  f1-score   support

       alpha       0.50      0.22      0.31      3783
        beta       0.14      0.24      0.17       179
         chi       0.33      0.32      0.32       473
       delta       0.27      0.18      0.21      1100
     epsilon       0.73      0.09      0.15      4081
         eta       0.66      0.05      0.10      1462
       gamma       0.23      0.34      0.27       497
        iota       0.38      0.77      0.51      3134
       kappa       0.63      0.20      0.31      1109
      lambda       0.14      0.59      0.23      1212
          mu       0.20      0.36      0.26      1215
          nu       0.41      0.56      0.47      3027
       omega       0.83      0.05      0.09      1052
     omicron       0.43      0.16      0.23      3343
         phi       1.00      0.13      0.23       402
          pi       0.79      0.30      0.44      1213
         psi       0.06      0.25      0.10        36
         rho       0.56      0.56      0.56      1562
       sigma       0.35      0.45      0.40      2552
         tau       0.76      0.54      0.63      2015
       theta       0.28      0.10      0.15       610
     upsilon       0.44      0.65      0.52      1350
          xi       0.03      0.54      0.05       103
        zeta       0.03      0.21      0.05        86

    accuracy                           0.35     35596
   macro avg       0.42      0.33      0.28     35596
weighted avg       0.50      0.35      0.33     35596

0.49443757725587145
0.5651758624564558

Process finished with exit code 0

Training AlexNet KNN k=6
              precision    recall  f1-score   support

       alpha       0.51      0.23      0.32      3783
        beta       0.11      0.20      0.14       179
         chi       0.37      0.31      0.33       473
       delta       0.28      0.19      0.22      1100
     epsilon       0.72      0.09      0.16      4081
         eta       0.76      0.05      0.10      1462
       gamma       0.23      0.34      0.28       497
        iota       0.37      0.76      0.50      3134
       kappa       0.68      0.20      0.31      1109
      lambda       0.15      0.60      0.24      1212
          mu       0.21      0.38      0.27      1215
          nu       0.41      0.56      0.48      3027
       omega       0.83      0.05      0.10      1052
     omicron       0.45      0.16      0.24      3343
         phi       1.00      0.13      0.23       402
          pi       0.83      0.28      0.42      1213
         psi       0.06      0.22      0.10        36
         rho       0.52      0.57      0.55      1562
       sigma       0.36      0.45      0.40      2552
         tau       0.73      0.53      0.61      2015
       theta       0.29      0.08      0.13       610
     upsilon       0.41      0.66      0.51      1350
          xi       0.03      0.55      0.05       103
        zeta       0.04      0.22      0.06        86

    accuracy                           0.35     35596
   macro avg       0.43      0.33      0.28     35596
weighted avg       0.50      0.35      0.33     35596

0.4964883694797168
0.5701202382290145
