Training AlexNet KNN k=1
              precision    recall  f1-score   support

       alpha       0.55      0.29      0.38      3783
        beta       0.05      0.23      0.09       179
         chi       0.34      0.25      0.29       473
       delta       0.24      0.29      0.27      1100
     epsilon       0.66      0.16      0.25      4081
         eta       0.38      0.05      0.08      1462
       gamma       0.19      0.15      0.17       497
        iota       0.31      0.07      0.11      3134
       kappa       0.63      0.33      0.43      1109
      lambda       0.13      0.21      0.16      1212
          mu       0.26      0.19      0.22      1215
          nu       0.32      0.70      0.44      3027
       omega       0.59      0.13      0.21      1052
     omicron       0.44      0.04      0.08      3343
         phi       0.96      0.13      0.24       402
          pi       0.09      0.34      0.14      1213
         psi       0.32      0.31      0.31        36
         rho       0.35      0.36      0.35      1562
       sigma       0.29      0.31      0.30      2552
         tau       0.75      0.22      0.34      2015
       theta       0.32      0.07      0.11       610
     upsilon       0.12      0.70      0.21      1350
          xi       0.05      0.37      0.10       103
        zeta       0.05      0.21      0.08        86

    accuracy                           0.26     35596
   macro avg       0.35      0.25      0.22     35596
weighted avg       0.41      0.26      0.25     35596

0.2580346106304079
0.260900101134959

Process finished with exit code 0

Training AlexNet KNN K=2 Dist
              precision    recall  f1-score   support

       alpha       0.55      0.29      0.38      3783
        beta       0.05      0.23      0.09       179
         chi       0.34      0.25      0.29       473
       delta       0.24      0.29      0.27      1100
     epsilon       0.66      0.16      0.25      4081
         eta       0.38      0.05      0.08      1462
       gamma       0.19      0.15      0.17       497
        iota       0.31      0.07      0.11      3134
       kappa       0.63      0.33      0.43      1109
      lambda       0.13      0.21      0.16      1212
          mu       0.26      0.19      0.22      1215
          nu       0.32      0.70      0.44      3027
       omega       0.59      0.13      0.21      1052
     omicron       0.44      0.04      0.08      3343
         phi       0.96      0.13      0.24       402
          pi       0.09      0.34      0.14      1213
         psi       0.32      0.31      0.31        36
         rho       0.35      0.36      0.35      1562
       sigma       0.29      0.31      0.30      2552
         tau       0.75      0.22      0.34      2015
       theta       0.32      0.07      0.11       610
     upsilon       0.12      0.70      0.21      1350
          xi       0.05      0.37      0.10       103
        zeta       0.05      0.21      0.08        86

    accuracy                           0.26     35596
   macro avg       0.35      0.25      0.22     35596
weighted avg       0.41      0.26      0.25     35596

0.3744802786829981
0.3762220474210585


Training AlexNet KNN k=5
              precision    recall  f1-score   support

       alpha       0.55      0.26      0.35      3783
        beta       0.05      0.27      0.09       179
         chi       0.41      0.21      0.27       473
       delta       0.31      0.22      0.26      1100
     epsilon       0.69      0.20      0.31      4081
         eta       0.53      0.03      0.06      1462
       gamma       0.16      0.08      0.11       497
        iota       0.29      0.30      0.30      3134
       kappa       0.71      0.35      0.47      1109
      lambda       0.15      0.32      0.21      1212
          mu       0.33      0.16      0.22      1215
          nu       0.31      0.77      0.44      3027
       omega       0.72      0.11      0.19      1052
     omicron       0.54      0.03      0.06      3343
         phi       0.95      0.15      0.26       402
          pi       0.23      0.33      0.27      1213
         psi       0.38      0.25      0.30        36
         rho       0.23      0.70      0.35      1562
       sigma       0.31      0.27      0.29      2552
         tau       0.82      0.18      0.30      2015
       theta       0.31      0.08      0.13       610
     upsilon       0.17      0.69      0.28      1350
          xi       0.06      0.35      0.11       103
        zeta       0.08      0.22      0.11        86

    accuracy                           0.29     35596
   macro avg       0.39      0.27      0.24     35596
weighted avg       0.45      0.29      0.27     35596

0.40538262726149005
0.48345319698842565

Process finished with exit code 0

Training AlexNet KNN k=7
              precision    recall  f1-score   support

       alpha       0.56      0.27      0.36      3783
        beta       0.04      0.30      0.08       179
         chi       0.47      0.18      0.26       473
       delta       0.39      0.18      0.25      1100
     epsilon       0.68      0.22      0.33      4081
         eta       0.57      0.02      0.05      1462
       gamma       0.12      0.04      0.06       497
        iota       0.26      0.31      0.28      3134
       kappa       0.71      0.35      0.47      1109
      lambda       0.15      0.35      0.21      1212
          mu       0.36      0.15      0.22      1215
          nu       0.30      0.78      0.43      3027
       omega       0.69      0.11      0.19      1052
     omicron       0.64      0.03      0.05      3343
         phi       0.93      0.14      0.25       402
          pi       0.41      0.30      0.35      1213
         psi       0.35      0.22      0.27        36
         rho       0.20      0.76      0.31      1562
       sigma       0.34      0.25      0.29      2552
         tau       0.84      0.13      0.22      2015
       theta       0.30      0.07      0.11       610
     upsilon       0.20      0.67      0.31      1350
          xi       0.06      0.30      0.11       103
        zeta       0.10      0.21      0.14        86

    accuracy                           0.29     35596
   macro avg       0.40      0.26      0.23     35596
weighted avg       0.47      0.29      0.27     35596

0.4177997527812114
0.4939038094167884

Training AlexNet KNN k=10
              precision    recall  f1-score   support

       alpha       0.57      0.29      0.38      3783
        beta       0.04      0.27      0.06       179
         chi       0.51      0.18      0.27       473
       delta       0.59      0.17      0.27      1100
     epsilon       0.66      0.24      0.35      4081
         eta       0.54      0.02      0.03      1462
       gamma       0.11      0.02      0.03       497
        iota       0.17      0.17      0.17      3134
       kappa       0.73      0.34      0.47      1109
      lambda       0.15      0.33      0.21      1212
          mu       0.36      0.14      0.20      1215
          nu       0.28      0.77      0.41      3027
       omega       0.76      0.09      0.16      1052
     omicron       0.70      0.02      0.04      3343
         phi       0.95      0.13      0.23       402
          pi       0.62      0.28      0.39      1213
         psi       0.50      0.22      0.31        36
         rho       0.16      0.79      0.27      1562
       sigma       0.37      0.24      0.29      2552
         tau       0.82      0.08      0.15      2015
       theta       0.28      0.06      0.10       610
     upsilon       0.21      0.66      0.32      1350
          xi       0.09      0.35      0.15       103
        zeta       0.18      0.24      0.21        86

    accuracy                           0.28     35596
   macro avg       0.43      0.25      0.23     35596
weighted avg       0.48      0.28      0.25     35596

0.4335037644679177
0.509523541971008

Training AlexNet KNN K=50 Dist
              precision    recall  f1-score   support

       alpha       0.54      0.35      0.42      3783
        beta       0.03      0.17      0.05       179
         chi       1.00      0.01      0.01       473
       delta       0.69      0.01      0.02      1100
     epsilon       0.44      0.37      0.41      4081
         eta       1.00      0.00      0.01      1462
       gamma       1.00      0.01      0.01       497
        iota       1.00      0.00      0.00      3134
       kappa       0.83      0.04      0.08      1109
      lambda       0.18      0.00      0.01      1212
          mu       0.22      0.13      0.17      1215
          nu       0.30      0.65      0.41      3027
       omega       1.00      0.01      0.02      1052
     omicron       1.00      0.00      0.00      3343
         phi       1.00      0.01      0.02       402
          pi       0.95      0.02      0.03      1213
         psi       1.00      0.08      0.15        36
         rho       0.08      0.94      0.14      1562
       sigma       0.45      0.01      0.01      2552
         tau       1.00      0.00      0.01      2015
       theta       0.62      0.01      0.02       610
     upsilon       0.35      0.54      0.42      1350
          xi       0.19      0.10      0.13       103
        zeta       0.88      0.08      0.15        86

    accuracy                           0.21     35596
   macro avg       0.66      0.15      0.11     35596
weighted avg       0.64      0.21      0.16     35596

0.31399595460164065
0.4265366895156759

Process finished with exit code 0
