Training AlexNet Random Forest
              precision    recall  f1-score   support

           0       0.14      0.26      0.18       133
           1       1.00      0.03      0.05        39
           2       0.31      0.06      0.10        66
           3       0.32      0.19      0.24        93
           4       0.17      0.23      0.20       134
           5       0.38      0.18      0.24       108
           6       0.10      0.23      0.14        65
           7       0.18      0.49      0.26       119
           8       0.39      0.15      0.22        98
           9       0.19      0.10      0.13        94
          10       0.16      0.14      0.15       102
          11       0.25      0.28      0.26       124
          12       0.20      0.07      0.10        91
          13       0.13      0.23      0.16       123
          14       0.44      0.07      0.12        60
          15       0.21      0.29      0.24       103
          16       0.00      0.00      0.00        11
          17       0.26      0.22      0.24       107
          18       0.20      0.23      0.21       116
          19       0.35      0.24      0.28       118
          20       0.60      0.04      0.07        75
          21       0.28      0.22      0.25       107
          22       0.00      0.00      0.00        24
          23       0.00      0.00      0.00        21

    accuracy                           0.20      2131
   macro avg       0.26      0.16      0.16      2131
weighted avg       0.26      0.20      0.19      2131

0.32332238385734396
0.42045987799155327

KNN
  precision    recall  f1-score   support

0       0.12      0.16      0.14       133
1       1.00      0.05      0.10        39
2       1.00      0.06      0.11        66
3       0.07      0.26      0.10        93
4       0.08      0.18      0.11       134
5       0.52      0.10      0.17       108
6       0.07      0.08      0.07        65
7       0.10      0.53      0.17       119
8       0.33      0.12      0.18        98
9       0.19      0.14      0.16        94
10       0.17      0.09      0.12       102
11       0.30      0.17      0.22       124
12       0.40      0.07      0.11        91
13       0.22      0.15      0.18       123
14       0.00      0.00      0.00        60
15       0.32      0.14      0.19       103
16       0.00      0.00      0.00        11
17       0.36      0.20      0.25       107
18       0.15      0.09      0.12       116
19       0.34      0.10      0.16       118
20       0.33      0.01      0.03        75
21       0.29      0.13      0.18       107
22       0.00      0.00      0.00        24
23       0.00      0.00      0.00        21

accuracy                           0.14      2131
macro avg       0.27      0.12      0.12      2131
weighted avg       0.27      0.14      0.14      2131

0.2665415297982168
0.34584702017832003
